Rk.	Player, Year,	PA,	K%,	BB%,	wOBA,	xwOBA,	LA Sweet-Spot%,	Barrel%,	Hard Hit%,	EV50,	Adjusted EV,	Whiff%,	Swing%
1	 Judge, Aaron	2024	704	24.3	18.9	.476	.479	40.8	26.9	61.0	107.2	99.1	30.7	42.0
2	 Soto, Juan	2024	713	16.7	18.1	.421	.462	35.4	19.7	57.0	105.7	98.0	21.5	37.2
3	 Ohtani, Shohei	2024	731	22.2	11.1	.431	.442	37.8	21.5	60.1	106.7	98.8	29.8	47.3
4	 Alvarez, Yordan	2024	635	15.0	10.9	.402	.411	35.4	14.5	49.7	104.1	96.7	19.9	47.8
5	 Guerrero Jr., Vladimir	2024	697	13.8	10.3	.398	.408	35.1	13.7	54.9	105.7	97.6	21.5	48.0
6	 Witt Jr., Bobby	2024	709	15.0	8.0	.410	.407	35.7	14.3	48.3	104.0	96.5	22.3	51.2
7	 Ozuna, Marcell	2024	688	24.7	10.8	.395	.402	40.2	15.5	53.5	103.4	96.5	31.4	46.8
8	 Marte, Ketel	2024	583	18.2	11.1	.391	.392	33.7	12.3	53.8	104.0	96.9	21.3	48.2
9	 Seager, Corey	2024	533	18.0	9.9	.365	.390	38.6	15.2	50.7	103.3	96.2	23.4	53.0
10	 Schwarber, Kyle	2024	692	28.5	15.3	.366	.380	31.8	15.6	55.5	105.2	97.5	32.0	39.9
11	 Rooker Jr., Brent	2024	614	28.8	9.6	.392	.380	38.3	16.6	49.6	103.3	96.2	34.1	50.2
12	 Lindor, Francisco	2024	689	18.4	8.1	.363	.379	35.4	13.6	47.4	101.1	95.1	23.7	48.7
13	 Henderson, Gunnar	2024	719	22.1	10.8	.381	.374	34.5	11.2	53.9	104.0	96.8	24.4	44.2
14	 Merrill, Jackson	2024	593	17.0	4.9	.352	.372	39.6	11.3	43.9	100.8	94.7	20.5	56.9
15	 Freeman, Freddie	2024	638	15.7	12.2	.365	.367	43.1	9.1	41.8	100.3	94.5	20.2	49.4
16	 Profar, Jurickson	2024	668	15.1	11.4	.365	.364	31.3	7.2	44.4	101.0	94.9	17.0	45.6
17	 Devers, Rafael	2024	601	24.5	11.1	.364	.364	35.2	13.0	52.6	104.6	97.1	30.9	50.9
18	 Perez, Salvador	2024	652	19.8	6.7	.335	.360	39.4	12.2	44.8	101.9	95.3	27.8	57.8
19	 Contreras, William	2024	679	20.5	11.5	.359	.358	29.0	10.0	49.5	103.9	96.6	27.8	47.4
20	 Harper, Bryce	2024	631	21.9	12.0	.380	.357	36.1	10.6	48.2	102.5	95.6	26.7	52.9
21	 Betts, Mookie	2024	516	11.0	11.8	.371	.356	39.3	6.0	39.5	98.5	93.6	14.9	40.4
22	 Greene, Riley	2024	584	26.7	11.0	.355	.353	39.1	13.4	47.1	102.1	95.5	26.8	44.3
23	 India, Jonathan	2024	637	19.6	12.6	.333	.352	39.3	7.7	36.5	98.9	93.5	19.2	38.3
24	 Walker, Christian	2024	552	24.1	10.0	.343	.351	35.0	13.3	48.0	103.1	96.0	25.6	48.0
25	 Reynolds, Bryan	2024	692	22.5	8.2	.343	.350	37.5	9.6	45.4	101.0	94.9	29.4	50.4
26	 Suzuki, Seiya	2024	585	27.4	10.8	.365	.346	38.8	11.5	49.2	102.6	95.8	24.5	39.6
27	 Soler, Jorge	2024	574	24.6	11.8	.340	.346	33.4	12.6	44.1	101.9	95.3	28.9	44.5
28	 Raleigh, Cal	2024	628	28.0	11.1	.323	.346	35.6	15.4	48.1	102.0	95.5	31.0	52.3
29	 Hernández, Teoscar	2024	652	28.8	8.1	.360	.346	33.8	14.9	46.8	102.7	95.7	34.0	51.2
30	 Happ, Ian	2024	657	25.6	12.2	.341	.345	37.0	11.7	45.2	101.6	95.3	27.9	45.9
31	 Ward, Taylor	2024	663	24.6	9.5	.325	.344	41.9	13.0	42.4	100.0	94.5	25.5	43.2
32	 Rodríguez, Julio	2024	613	25.4	6.2	.321	.344	33.2	10.2	48.4	103.6	96.3	30.9	54.3
33	 Sánchez, Jesús	2024	537	26.1	7.6	.317	.343	31.8	12.2	51.3	104.6	96.9	31.2	53.2
34	 Alonso, Pete	2024	695	24.7	10.1	.340	.343	30.5	13.2	46.4	102.8	95.7	24.7	42.9
35	 Duran, Jarren	2024	735	21.8	7.3	.357	.342	33.8	9.3	43.9	101.9	95.3	24.8	48.3
36	 Bohm, Alec	2024	606	14.2	6.6	.335	.342	35.2	6.8	45.6	100.8	94.8	17.6	49.7
37	 Olson, Matt	2024	685	24.8	10.4	.339	.341	35.4	12.4	47.4	102.7	95.9	26.3	49.7
38	 Chapman, Matt	2024	647	24.4	9.9	.340	.341	31.3	12.6	48.3	104.4	96.7	23.5	44.6
39	 Cruz, Oneil	2024	599	30.2	8.5	.331	.340	32.1	15.7	54.9	107.2	98.5	34.1	46.3
40	 Diaz, Yainer	2024	619	17.3	3.9	.329	.339	35.0	7.6	47.5	101.3	95.0	24.0	58.8
41	 Adames, Willy	2024	688	25.1	10.8	.342	.339	38.2	12.0	40.7	99.8	94.1	29.5	49.5
42	 Ramos, Heliot	2024	518	26.1	7.1	.339	.338	34.3	14.5	47.5	102.6	95.9	28.7	50.3
43	 Machado, Manny	2024	643	19.3	7.0	.340	.338	33.8	11.0	48.8	103.4	96.2	24.4	51.6
44	 Burger, Jake	2024	579	25.9	5.4	.325	.338	32.4	12.3	46.8	103.6	96.2	30.1	52.4
45	 Díaz, Yandy	2024	621	15.3	8.1	.331	.336	28.4	7.6	48.7	103.4	96.3	14.2	43.9
46	 Nimmo, Brandon	2024	663	23.8	11.6	.321	.335	33.7	9.1	47.4	101.3	95.2	23.4	44.8
47	 Naylor, Josh	2024	633	16.6	9.2	.332	.335	30.1	8.4	40.9	100.8	94.7	22.4	50.3
48	 Donovan, Brendan	2024	652	12.4	7.2	.332	.335	36.6	5.5	37.6	98.6	93.4	15.1	44.2
49	 Cronenworth, Jake	2024	656	18.0	9.3	.315	.335	35.4	7.8	36.7	99.5	93.9	17.1	45.0
50	 Smith, Will	2024	544	19.3	9.4	.326	.334	38.3	10.8	42.0	99.3	93.9	20.9	46.2
51	 Kwan, Steven	2024	540	9.4	9.8	.349	.333	38.5	2.6	23.7	95.0	91.5	8.2	39.1
52	 Castellanos, Nick	2024	659	21.1	6.2	.321	.333	39.0	8.1	38.2	99.3	93.7	30.1	58.0
53	 Mountcastle, Ryan	2024	507	22.5	5.3	.316	.332	36.2	8.8	45.2	102.1	95.4	25.1	56.1
54	 Pasquantino, Vinnie	2024	554	12.8	7.2	.325	.331	31.9	7.1	46.5	101.0	95.0	14.5	47.8
55	 O'Hoppe, Logan	2024	522	29.7	6.3	.311	.331	42.9	12.0	46.3	101.2	95.1	33.6	52.0
56	 Langford, Wyatt	2024	557	20.6	9.2	.321	.331	31.3	9.3	43.4	101.2	94.8	22.9	42.8
57	 García, Luis	2024	528	16.3	5.1	.328	.331	32.8	8.0	41.7	100.2	94.2	21.3	51.7
58	 Suárez, Eugenio	2024	640	27.5	7.7	.337	.330	40.4	11.3	42.4	100.6	94.5	29.1	47.2
59	 Santana, Carlos	2024	594	16.7	10.9	.326	.330	30.9	7.3	39.9	99.5	94.0	23.3	43.3
60	 Winker, Jesse	2024	508	20.9	12.4	.338	.329	30.1	7.6	37.4	98.9	93.6	19.6	43.2
61	 Ramírez, José	2024	682	12.0	7.9	.364	.329	34.0	8.6	39.7	99.6	94.0	15.2	49.4
62	 Goldschmidt, Paul	2024	654	26.5	7.2	.310	.329	34.3	10.7	49.6	101.9	95.7	27.4	47.7
63	 Doyle, Brenton	2024	603	25.4	7.6	.328	.329	37.4	10.5	41.4	101.0	94.7	29.8	51.4
64	 Burleson, Alec	2024	595	12.8	5.9	.319	.329	34.3	6.5	41.7	99.4	94.0	19.2	55.7
65	 Turner, Justin	2024	539	17.6	10.9	.327	.328	40.1	4.6	32.5	96.7	92.4	17.0	45.4
66	 Lowe, Nathaniel	2024	565	22.1	12.6	.337	.328	32.6	5.8	40.0	100.4	94.3	20.6	42.7
67	 Langeliers, Shea	2024	534	27.2	7.7	.315	.328	35.3	12.8	44.0	102.1	95.5	29.2	49.5
68	 De La Cruz, Elly	2024	696	31.3	9.9	.349	.328	35.7	12.7	45.7	103.0	95.9	33.4	43.4
69	 Chourio, Jackson	2024	573	21.1	6.8	.339	.328	33.2	7.8	44.9	100.8	94.8	27.1	48.8
70	 McCutchen, Andrew	2024	515	25.8	11.3	.325	.327	31.9	12.0	36.9	99.4	93.8	28.9	42.0
71	 Cowser, Colton	2024	561	30.7	9.3	.331	.326	32.1	13.6	46.1	101.8	95.4	30.4	44.5
72	 McMahon, Ryan	2024	645	28.7	10.7	.315	.325	36.5	10.9	49.7	102.6	96.1	30.0	46.9
73	 Arraez, Luis	2024	672	4.3	3.6	.323	.325	40.9	1.6	23.7	94.8	91.4	6.9	49.8
74	 Santander, Anthony	2024	665	19.4	8.7	.345	.324	35.0	11.7	41.6	100.3	94.4	20.0	49.7
75	 Carroll, Corbin	2024	684	19.0	10.7	.325	.324	27.8	7.2	40.8	101.1	94.8	20.3	41.4
76	 Arozarena, Randy	2024	648	26.1	11.3	.320	.324	28.4	8.3	43.5	100.9	94.7	29.7	41.0
77	 Stephenson, Tyler	2024	515	22.7	9.3	.339	.322	33.0	9.1	43.9	100.3	94.6	22.7	43.2
78	 Springer III, George	2024	614	18.7	9.8	.298	.322	29.2	9.3	37.4	99.9	94.0	25.3	49.1
79	 Swanson, Dansby	2024	593	24.3	9.1	.307	.321	32.6	9.2	42.7	100.2	94.4	28.7	48.7
80	 Schanuel, Nolan	2024	607	17.0	11.2	.315	.321	36.4	3.5	25.4	95.3	91.7	14.4	41.8
81	 Castro, Willi	2024	635	23.6	8.0	.317	.320	39.0	7.0	36.8	98.9	93.5	29.0	51.4
82	 Vaughn, Andrew	2024	619	21.3	6.1	.304	.319	33.6	9.3	43.3	100.9	94.7	22.0	49.4
83	 Gurriel Jr., Lourdes	2024	553	18.3	5.2	.327	.319	33.8	6.7	40.0	99.5	93.9	20.2	51.1
84	 Busch, Michael	2024	567	28.6	11.1	.336	.319	36.4	11.2	39.9	100.0	94.4	28.4	45.2
85	 Bregman, Alex	2024	634	13.6	6.9	.331	.319	34.9	6.4	40.5	99.0	93.7	12.8	44.9
86	 Bleday, JJ	2024	642	19.5	10.4	.330	.319	37.1	8.3	36.2	99.0	93.5	26.1	45.3
87	 Abrams, CJ	2024	602	21.3	6.6	.322	.319	33.0	6.9	40.7	99.5	93.9	24.7	53.3
88	 Turner, Trea	2024	539	18.2	5.0	.349	.318	30.9	6.9	40.7	99.7	94.1	26.1	53.7
89	 Neto, Zach	2024	602	23.3	6.5	.330	.317	29.0	8.4	38.8	100.1	94.3	27.1	48.9
90	 Morel, Christopher	2024	611	26.0	10.0	.280	.316	27.6	10.2	40.4	101.2	94.8	34.1	47.0
91	 Chisholm Jr., Jazz	2024	621	24.5	8.5	.327	.316	29.6	9.7	41.1	100.1	94.5	29.3	47.5
92	 Altuve, Jose	2024	682	17.4	6.9	.344	.316	35.4	6.5	31.2	97.3	92.7	22.1	51.5
93	 Steer, Spencer	2024	656	20.9	11.0	.316	.315	34.2	6.4	39.9	99.2	93.7	23.1	44.5
94	 Rutschman, Adley	2024	638	16.1	9.1	.309	.315	35.4	6.1	36.6	98.1	93.1	17.1	44.5
95	 Semien, Marcus	2024	718	14.6	8.9	.306	.313	33.0	6.6	35.2	97.8	93.0	20.2	50.0
96	 Hoerner, Nico	2024	641	10.3	6.9	.313	.313	36.0	1.2	27.6	96.0	92.0	11.9	48.4
97	 Keith, Colt	2024	556	19.8	6.5	.301	.311	34.6	5.6	35.3	98.5	93.3	23.2	48.6
98	 Peña, Jeremy	2024	650	17.1	3.8	.305	.310	29.2	5.4	38.8	99.3	93.7	24.9	54.2
99	 Bell, Josh	2024	603	19.9	8.5	.317	.310	31.4	7.6	40.1	100.1	94.2	26.8	48.8
100	 Vierling, Matt	2024	567	21.3	7.2	.317	.309	34.1	7.5	40.9	100.2	94.3	19.5	42.8
101	 Torres, Gleyber	2024	665	20.5	9.8	.313	.307	38.2	6.3	35.4	98.3	93.4	22.9	45.7
102	 Thomas, Lane	2024	528	25.9	8.3	.309	.307	31.5	7.4	40.6	100.4	94.4	23.3	43.8
103	 Stott, Bryson	2024	571	16.3	9.3	.296	.306	35.3	3.6	30.8	97.1	92.6	17.0	44.1
104	 García, Adolis	2024	637	27.8	7.1	.296	.306	33.7	12.5	48.2	101.8	95.4	34.3	52.1
105	 Ortiz, Joey	2024	511	20.2	11.0	.319	.305	26.6	4.6	38.4	99.4	93.8	17.1	39.4
106	 Smith, Josh	2024	592	20.4	7.8	.323	.304	33.7	3.7	37.1	98.3	93.3	21.8	47.1
107	 Paredes, Isaac	2024	641	16.4	11.9	.327	.304	37.0	4.5	27.1	95.9	92.0	17.2	44.7
108	 Meyers, Jake	2024	513	22.8	6.8	.285	.304	34.8	6.8	37.0	99.3	93.7	27.0	49.1
109	 France, Ty	2024	535	21.3	7.1	.296	.303	30.5	7.3	40.0	99.7	94.0	24.2	51.2
110	 Benintendi, Andrew	2024	522	18.4	7.9	.298	.303	36.5	6.3	34.4	97.2	92.8	21.1	48.0
111	 Verdugo, Alex	2024	621	15.0	7.9	.283	.302	31.6	5.6	34.9	98.0	93.1	15.5	44.7
112	 De La Cruz, Bryan	2024	622	27.3	4.7	.283	.302	35.6	9.3	41.3	99.8	94.2	30.1	53.4
113	 Hoskins, Rhys	2024	517	28.8	10.3	.313	.301	29.7	12.7	42.2	99.7	94.1	26.3	42.8
114	 Bellinger, Cody	2024	569	15.6	7.9	.322	.301	32.9	6.3	32.9	97.3	92.8	22.2	49.8
115	 Garcia, Maikel	2024	626	16.5	6.7	.270	.300	34.1	3.7	42.8	100.1	94.4	15.7	43.4
116	 Turang, Brice	2024	619	17.0	8.1	.294	.297	32.0	2.4	29.7	96.9	92.5	13.8	47.7
117	 Giménez, Andrés	2024	633	15.3	4.1	.281	.296	32.7	2.8	28.5	96.5	92.3	22.8	56.4
118	 Arenado, Nolan	2024	635	14.5	6.9	.314	.296	35.9	3.2	31.6	96.9	92.5	17.2	46.8
119	 Taveras, Leody	2024	529	21.2	7.9	.282	.295	31.5	5.9	35.5	99.2	93.7	26.2	48.8
120	 Rodgers, Brendan	2024	539	24.5	5.8	.314	.295	33.1	5.6	44.1	101.2	94.8	25.9	49.3
121	 Winn, Masyn	2024	637	17.1	6.4	.315	.293	33.5	3.7	32.7	98.1	93.1	19.0	47.0
122	 Tovar, Ezequiel	2024	695	28.8	3.3	.324	.289	38.5	9.0	39.8	99.3	94.0	33.5	62.3
123	 Young, Jacob	2024	521	19.6	5.8	.290	.286	28.1	1.6	28.9	96.9	92.5	19.3	44.9
124	 Volpe, Anthony	2024	689	22.6	6.1	.287	.278	33.3	3.9	35.4	98.2	93.2	22.6	48.1
125	 Frelick, Sal	2024	524	14.9	7.4	.292	.278	30.0	0.8	19.5	94.4	91.3	12.9	41.5
126	 Rafaela, Ceddanne	2024	571	26.4	2.6	.286	.273	34.9	7.5	36.9	98.2	93.2	33.0	61.9
127	 Gelof, Zack	2024	547	34.4	6.9	.276	.271	34.4	8.8	37.2	99.0	93.6	36.4	51.5
128	 Varsho, Daulton	2024	513	26.7	9.4	.304	.261	30.2	6.2	34.0	98.5	93.3	27.0	47.6
129	 Arcia, Orlando	2024	602	21.3	6.8	.273	.261	29.9	5.3	37.8	98.4	93.3	26.6	49.1
